00124
00139
00158
00191
00220
00217
00239
00303
00397
00407
00411
00060
00063
00035
00120
00121
00205
00203
00339
00385
00391
00394
00407
00430
00429
00425
00450
00470
00473
00477
00484
00491
00495
00562
00608
00622
00625
00648
00671
00664
00674
00728
00847
00886
00929
00939
00968
00969
00963
00947
00993
01001
01013
01021
01030
01034
01042
01054
01061
01079
01076
01094
01107
01101
01096
01149
01148
01144
01159
01163
01175
01188
01206
01232
01235
01251
01262
01282
01287
01296
01300
01334
01336
01363
01384
01400
01403
01418
01451
01477
01553
01554
01555
01573
01571
01585
01599
01609
01668
01662
01677
01686
01696
01701
01718
01712
01722
01747
01768
01783
01829
01837
01841
01870
01844
01912
01933
01943
01958
01962
01997
02007
02012
02032
02040
02058
02067
02089
02016
02114
02125
02138
02196
02212
02227
02231
02262
02283
02296
02300
02323
02325
02328
02336
02349
02360
02373
02409
02412
02420
02424
02427
02441
02443
02450
02447
02485
02484
02482
02499
02513
02521
02546
02558
02572
02585
02643
02647
02655
02660
02675
02676
02679
02697
02707
02711
02737
02757
02760
02775
02778
02780
02787
02797
02804
02819
02906
02936
02965
02995
03008
03037
03053
03083
03102
03214
03239
03243
03336
03351
03356
03364
03366
03372
03387
03395
03407
03475
03522
03559
03572
03603
03687
03737
03739
03746
03791
03801
03809
03811
03825
03846
03863
03903
03928
03937
03945
03963
04010
04015
04087
04130
04135
04180
04186
04227
04228
04229
04237
04255
04258
04304
04334
04404
04415
04427
04429
04452
04451
04531
04541
04544
04558
04560
04568
04594
04679
04697
04733
04753
04766
04770
04789
04813
04838
04843
04842
04847
04925
04974
05120
05230
05328
05360
05370
05383
05402
05406
05437
05480
05595
05625
05676
05693
05703
05705
05708
05726
05753
05839
05873
05920
05924
05935
05948
05952
05982
06003
06111
06134
06148
06156
06171
06194
06197
06212
06271
06294
06313
06338
06358
06394
06409
06508
06555
06615
06662
06708
06780
06858
06880
06996
07078
07086
07096
07122
07128
07147
07181
07244
07259
07277
07306
07357
07410
07446
07486
07627
07653
07659
07676
07691
07690
07700
07744
07777
07796
07808
07815
07872
07918
07919
07996
08021
08028
08042
08076
08106
08182
08191
08199
08232
08316
08318
08321
08320
08365
08382
08419
08431
08455
08511
08532
08601
08647
08652
08675
08689
08703
08801
08815
08834
08883
08896
08933
08948
08999
09069
09077
09087
09085
09109
09148
09225
09246
09260
09315
09322
09362
09380
09386
09405
09412
09566
09568
09643
09667
09713
09832
09856
09872
09911
09922
09927
09944
09989
08884
10033
10118
10140
10145
10148
10152
10170
10177
10186
10199
10431
10459
10483
10506
10535
10549
10617
10686
10831
10844
10932
10935
10988
10997
11020
11079
11172
11347
11385
11423
11434
11445
11440
11501
11607
11696
11732
11825
11880
11883
11900
11990
12030
12049
12076
12098
12110
12125
12173
12262
12367
12510
12532
12594
12647
12653
12731
12784
12797
12893
12942
12949
13033
13043
13048
13077
13101
13146
13181
13190
13304
13321
13358
13470
13488
13557
13637
13672
13685
13723
13762
13805
13810
13881
13911
13950
13962
13979
14143
14197
14278
14315
14330
14583
14625
14636
14711
14762
14850
14897
14964
15017
15122
15298
15474
15502
15591
15633
15650
15692
15836
15839
15841
15926
15939
15945
15971
15997
16022
16066
16107
16165
16185
16202
16211
16237
16261
16334
16346
16358
16478
16481
16518
16663
16735
16753
16764
16805
16848
16916
16953
17004
17045
17069
17102
17210
17229
17390
17421
17431
17439
17454
17469
17474
17565
17578
17643
17640
17869
17929
18029
18061
18124
18125
18136
18140
18230
18245
18311
18319
18355
18373
18422
18448
18466
18467
18658
18668
18700
18705
18719
18763
18829
18895
18976
19028
19086
19130
19183
19191
19200
19239
19413
19499
19514
19567
19571
19576
19611
19623
19657
19662
19669
19671
19707
19721
19734
19056
19742
19790
19813
19819
19825
19943
19955
20036
20058
20109
20116
20138
20182
20221
20268
20287
20316
20333
20408
20455
20476
20501
20507
20536
20599
20590
20638
20641
20723
20801
20916
20825
20831
20868
20925
20970
20986
21043
21056
21089
21106
21174
21252
21289
21321
21342
21353
21406
21444
21537
21535
21555
21591
21613
21631
21666
21712
21770
21946
21962
22000
22006
22031
22069
22080
22125
22182
22192
22196
22236
22243
22262
22370
22424
22439
22492
22553
22634
22648
22685
22706
22732
22745
22763
22863
22869
22906
22923
22925
22943
22969
23027
23031
23107
23175
23283
23333
23397
23404
23437
23440
23507
23601
23649
23693
23759
23787
23793
23833
23861
23990
23999
24003
24007
24039
24130
24248
24308
24339
24432
24543
24610
24638
24669
24771
24843
24866
24890
24898
24902
24927
24955
24969
24988
25026
25142
25150
25158
25169
25268
25280
25365
25381
25428
25601
25620
25644
25659
25686
25706
25816
26053
26091
26121
26128
26145
26221
26244
26291
26326
26359
26361
26373
26417
26471
26496
26499
26601
26683
26687
26694
26703
26708
26744
26815
26819
26830
26836
26844
26913
26960
26990
27024
27031
27037
27043
27104
27122
27128
27145
27202
27256
27295
27348
27353
27385
27423
27497
27502
27564
27603
27639
27680
27757
27870
27893
27916
27932
27980
28081
28148
28152
28155
28164
28182
28194
28282
28307
28316
28349
28382
28415
28443
28592
28617
28675
28686
28716
28746
28809
28864
28889
28893
28922
28976
29001
29057
29091
29137
29155
29171
29191
29215
29294
29347
29371
29381
29423
29496
29516
29547
29564
29573
29599
29725
29800
29927
29975
30027
30106
30148
30146
30183
30228
30237
30265
30294
30408
30423
30420
30484
30521
30613
30617
30630
30661
30678
30704
30709
30717
30745
30753
30901
30914
30983
30996
31023
31045
31218
31528
31562
31574
31602
31621
31693
31723
31736
31807
31805
31862
31876
31911
31964
32020
32054
32060
32088
32196
32205
32346
32490
32534
32582
32638
32673
32676
32720
32753
32795
32854
32893
32911
32954
33104
33027
33097
33154
33296
33332
33521
33545
33573
33629
33640
33674
33734
33736
33783
33793
33810
33923
33951
33973
33979
34019
34067
34071
34068
34105
34123
34184
34192
34211
34307
34357
34372
34413
34453
34522
34609
34615
34617
34632
34645
34678
34774
34819
34857
34873
34895
34908
34923
34948
34977
34988