00000
00003
00010
00013
00026
00030
00033
00038
00050
00054
00070
00102
00146
00155
00166
00210
00214
00226
00230
00246
00263
00291
00285
00301
00321
00330
00329
00311
00376
00364
00366
00390
00402
00414
00411
00450
00463
00467
00488
00477
00497
00520
00524
00533
00547
00573
00574
00585
00614
00628
00665
00666
00724
00730
00733
00734
00771
00794
00804
00813
00823
00834
00843
00851
00863
00869
00881
00889
00901
00907
00910
00915
00923
00943
00944
00959
00962
00974
00985
00993
01006
01018
01026
01102
01112
01119
01124
01140
01146
01158
01159
01181
01182
01196
01203
01250
01258
01286
01288
01293
01295
01311
01337
01368
01369
01379
01435
01439
01443
01446
01453
01464
01469
01531
01535
01541
01583
01591
01636
01644
01659
01693
01777
01789
01791
01819
01821
01834
01856
01864
01874
01876
01881
01882
01884
01891
01898
01901
01910
01913
01929
01933
01934
01946
01973
01981
01988
01991
02003
02013
02022
02032
02044
02049
02051
02077
02082
02089
02091
02098
02124
02135
02144
02199
02200
02209
02222
02225
02229
02234
02273
02290
02317
02320
02323
02346
02384
02411
02444
02469
02470
02487
02489
02531
02536
02549
02555
02565
02603
02611
02623
02653
02706
02751
02784
02811
02821
02822
02854
02865
02878
02899
02908
02930
02941
02951
02988
02992
03000
03010
03045
03047
03129
03135
03141
03151
03152
03153
03163
03164
03171
03221
03224
03233
03242
03248
03255
03262
03263
03274
03275
03285
03293
03299
03302
03303
03304
03314
03321
03343
03355
03363
03371
03402
03412
03419
03421
03428
03433
03446
03466
03472
03474
03491
03503
03511
03530
03540
03555
03570
03592
03636
03643
03664
03698
03699
03705
03710
03716
03723
03724
03748
03754
03755
03756
03761
03778
03781
03802
03804
03842
03860
03868
03872
03887
03891
03897
03912
03938
03948
03958
03959
03966
03974
03984
03989
03993
04014
04023
04039
04057
04067
04070
04085
04110
04116
04117
04122
04172
04173
04174
04178
04181
04184
04188
04193
04195
04213
04231
04243
04269
04275
04283
04330
04332
04336
04362
04381
04391
04395
04396
04400
04413
04415
04424
04429
04447
04448
04472
04477
04483
04487
04490
04500
04508
04519
04532
04539
04543
04562
04563
04575
04584
04599
04651
04652
04677
04689
04708
04744
04757
04780
04790
04805
04814
04824
04832
04844
04855
04867
04898
04902
04908
04913
04922
04934
04944
04947
04957
04962
04965
05003
05018
05063
05065
05066
05089
05093
05094
05130
05132
05147
05165
05180
05188
05191
05192
05194
05195
05206
05208
05218
05223
05255
05265
05269
05270
05295
05308
05317
05325
05327
05337
05341
05371
05384
05398
05399
05415
05430
05437
05455
05460
05463
05464
05466
05482
05487
05506
05526
05530
05537
05548
05561
05571
05576
05598
05609
05613
05634
05644
05645
05646
05654
05659
05663
05667
05671
05679
05680
05682
05686
05712
05724
05749
05789
05805
05811
05819
05828
05831
05834
05835
05862
05893
05904
05905
05923
05928
05946
05962
05964
05978
05980
05981
05984
05986
05989
05998
06011
06020
06024
06029
06035
06038
06056
06064
06086
06087
06101
06110
06133
06138
06158
06196
06211
06220
06229
06231
06254
06275
06306
06327
06362
06378
06387
06395
06423
06426
06430
06440
06447
06463
06471
06475
06487
06502
06504
06505
06507
06532
06535
06538
06559
06567
06591
06601
06603
06611
06612
06621
06701
06704
06722
06725
06756
06775
06789
06793
06798
06801
06802
06805
06810
06816
06820
06821
06822
06829
06830
06846
06850
06870
06872
06909
06936
06946
06947
06960
06981
06984
06988
06990
06994
06996
06998
07009
07017
07021
07022
07024
07025
07036
07037
07084
07085
07095
07101
07103
07129
07133
07136
07142
07163
07170
07194
07212
07219
07226
07237
07238
07243
07244
07256
07257
07266
07274
07279
07281
07284
07298
07301
07308
07310
07328
07329
07344
07351
07366
07379
07380
07384
07387
07388
07455
07461
07463
07470
07480
07486
07488
07491
07503
07508
07556
07577
07578
07579
07583
07587
07594
07608
07611
07615
07618
07622
07626
07628
07633
07647
07650
07668
07674
07698
07710
07711
07712
07714
07725
07739
07745
07761
07771
07773
07793
07805
07806
07820
07828
07842
07886
07891
07902
07905
07925
07926
07933
07934
07939
07942
07943
07952
07964
07986
08010
08022
08039
08048
08050
08055
08074
08082
08086
08087
08095
08122
08124
08134
08162
08207
08242
08246
08248
08287
08290
08297
08317
08320
08347
08356
08358
08359
08368
08371
08381
08412
08432
08445
08462
08469
08475
08504
08505
08525
08530
08538
08543
08545
08549
08555
08566
08582
08592
08593
08600
08614
08622
08635
08642
08657
08672
08679
08688
08699
08718
08719
08742
08743
08745
08746
08747
08793
08812
08817
08820
08824
08828
08833
08835
08837
08868
08869
08928
08930
08949
08954
08960
08976
08978
09908
09012
09019
09021
09044
09053
09062
09073
09076
09091
09094
09133
09137
09139
09155
09184
09191
09199
09208
09223
09227
09244
09247
09256
09267
09268
09278
09299
09300
09302
09307
09317
09333
09341
09342
09346
09347
09357
09394
09421
09440
09460
09470
09480
09481
09493
09494
09509
09524
09526
09535
09540
09542
09565
09577
09584
09589
09603
09610
09611
09635
09636
09664
09671
09723
09734
09739
09760
09764
09788
09792
09797
09840
09842
09878
09880
09902
09903
09914
09919
09956
09962
09969
09974
09981
09983
09986
09995
09998
10002
10011
10017
10026
10027
10037
10040
10065
10073
10077
10086
10090
10102
10121
10141
10146
10150
10182
10199
10203
10219
10222
10227
10240
10241
10247
10255
10265
10267
10271
10277
10279
10289
10296
10312
10322
10327
10338
10356
10358
10361
10365
10366
10371
10376
10402
10407
10412
10417
10426
10440
10444
10449
10490
10525
10531
10550
10551
10556
10558
10575
10576
10597
10598
10607
10615
10625
10638
10643
10647
10650
10656
10672
10673
10676
10680
10681
10688
10697
10703
10720
10736
10755
10759
10787
10791
10795
10797
10801
10808
10809
10810
10835
10838
10866
10892
10895
10897
10902
10912
10932
10935
10951
10952
10961
10975
10983
10985
10986
10994
11002
11009
11011
11014
11015
11017
11021
11072
11106
11107
11110
11115
11128
11139
11147
11166
11170
11174
11178
11179
11181
11190
11192
11195
11204
11212
11225
11227
11228
11229
11241
11242
11260
11265
11275
11278
11279
11285
11297
11303
11320
11324
11327
11331
11336
11337
11341
11361
11362
11670
11373
11375
11383
11390
11393
11402
11405
11408
11417
11427
11428
11429
11445
11456
11458
11466
11470
11477
11482
11530
11542
11551
11555
11574
11574
11575
11582
11586
11590
11598
11605
11610
11618
11620
11653
11682
11684
11691
11694
11702
11708
11709
11714
11726
11736
11746
11752
11757
11770
11776
11808
11815
11825
11830
11845
11850
11857
11861
11872
11891
11893
11899
11906
11915
11918
11923
11926
11942
11945
11950
11956
11957
11960
11963
11964
11966
11984
11991
11993
12001
12003
12017
12021
12023
12026
12033
12039
12041
12042
12047
12062
12066
12072
12078
12090
12102
12119
12134
12136
12144
12147
12515
12187
12190
12191
12211
12226
12240
12249
12266
12305
12309
12316
12329
12345
12353
12354
12359
12361
12371
12374
12396
12408
12418
12420
12421
12433
12434
12438
12439
12456
12469
12470
12476
12492
12500
12522
12541
12544
12575
12585
12587
12595
12610
12602
12607
12608
12629
12640
12648
12679
12687
12710
12714
12718
12726
12744
12756
12777
12796
12806
12821
12827
12830
12836
12842
12847
12858
12865
12867
12883
12888
12892
12894
12896
12899
12903
12905
12906
12909
12912
12938
12954
12955
12956
12959
12961
12974
12975
12987
13004
13007
13012
13014
13024
13025
13026
13029
13052
13055
13067
13076
13081
13127
13135
13136
13138
13148
13153
13155
13163
13174
13178
13185
13188
13212
13225
13227
13228
13236
13238
13240
13249
13256
13269
13280
13288
13293
13300
13301
13308
13309
13332
13348
13349
13361
13366
13375
13378
13379
13380
13381
13386
13388
13394
13413
13426
13430
13439
13450
13463
13474
13482
13492
13499
13513
13517
13523
13527
13532
13535
13537
13547
13552
13564
13574
13593
13596
13614
13619
13627
13632
13636
13647
13648
13651
13661
13680
13687
13690
13698
13716
13718
13724
13741
13748
13766
13778
13779
13783
13785
13787
13800
13804
13807
13824
13829
13829
13831
13838
13843
13847
13849
13854
13859
13860
13866
13867
13868
13872
13885
13894
13899
13930
13935
13990
13997
14000
14001
14019
14022
14034
14051
14079
14084
14089
14100
14104
14112
14124
14126
14153
14156
14160
14164
14165
14167
14186
14191
14194
14203
14210
14219
14220
14232
14253
14255
14259
14265
14275
14279
14283
14303
14309
14321
14324
14336
14342
14343
14353
14354
14359
14360
14361
14368
14373
14385
14389
14395
14405
14410
14420
14431
14440
14447
14453
14454
14456
14459
14461
14464
14472
14479
14482
14496
14499
14502
14506
14530
14532
14535
14555
14567
14578
14581
14599
14602
14604
14615
14632
14636
14637
14640
14648
14650
14652
14656
14662
14675
14676
14684
14686
14687
14689
14695
14717
14724
14746
14772
14793
14799
14821
14834
14846
14848
14853
14860
14879
14886
14887
14902
14903
14917
14918
14929
14937
14939
14944
14978
14989
14991
14995
15006
15015
15060
15068
15093
15100
15103
15106
15128
15140
15154
15158
15166
15175
15181
15209
15222
15229
15231
15240
15246
15252
15258
15272
15279
15300
15316
15325
15333
15359
15389
15407
15415
15424
15460
15477
15480
15484
15493
15494
15498
15510
15512
15518
15519
15525
15529
15531
15555
15556
15564
15571
15578
15597
15608
15609
15616
15625
15641
15644
15656
15658
15660
15662
15667
15671
15673
15679
15688
15697
15698
15715
15730
15734
15737
15748
15755
15758
15760
15763
15768
15773
15777
15780
15781
15782
15785
15799
15800
15818
15838
15842
15843
15854
15858
15867
15888
15890
15894
15895
15897
15909
15920
15921
15930
15932
15944
15945
15949
15952
15953
15955
15958
15959
15966
15978
15988
15992
15997
15998
16013
16024
16026
16028
16032
16037
16042
16057
16075
16086
16094
16098
16106
16108
16125
16131
16134
16138
16142
16143
16148
16151
16152
16165
16180
16187
16194
16197
16203
16207
16213
16226
16236
16238
16239
16241
16243
16245
16247
16249
16252
16254
16269
16278
16289
16290
16295
16297
16300
16307
16314
16321
16340
16350
16366
16367
16368
16370
16372
16378
16388
16398
16410
16413
16435
16451
16456
16462
16468
16469
16473
16474
16479
16485
16487
16488
16489
16497
16517
16523
16528
16537
16538
16540
16549
16550
16560
16566
16568
16597
16598
16619
16627
16630
16643
16646
16649
16654
16658
16675
16677
16684
16688
16693
16716
16721
16741
16744
16747
16749
16752
16760
16763
16765
16771
16782
16784
16796
16806
16807
16812
16817
16824
16853
16876
16889
16901
16913
16918
16939
16942
16954
16961
16954
16967
16969
16980
16995
16996
17009
17014
17030
17031
17043
17053
17055
17061
17064
17068
17078
17103
17104
17114
17121
17129
17138
17147
17148
17176
17177
17185
17197
17198
17199
17217
17223
17232
17236
17238
17244
17250
17252
17265
17277
17285
17312
17321
17325
17355
17373
17378
17398
17402
17409
17441
17447
17482
17491
17498
17515
17524
15732
17534
17564
17574
17584
17590
17591
17595
17611
17621
17623
17628
17630
17631
17636
17644
17659
17668
17685
17744
17764
17770
17775
17777
17781
17784
17788
17798
17799
17803
17804
17808
17823
17824
17825
17826
17827
17829
17831
17835
17843
17853
17854
17860
17862
17874
17898
17906
17909
17912
17913
17933
17934
17938
17942
17946
17953
17957
17964
17973
17975
17982
17986
17990
17996
18008
18019
18039
18040
18041
18045
18049
18051
18061
18079
18088
18089
18091
18092
18105
18106
18111
18113
18115
18116
18127
18134
18167
18170
18171
18177
18190
18191
18198
18199
18201
18205
18206
18211
18213
18223
18224
18225
18244
18246
18256
18257
18262
18265
18271
18286
18310
18339
18940
18346
18353
18358
18363
18367
18369
18380
18382
18388
18393
18403
18405
18406
18414
18417
18431
18460
18468
18515
18520
18534
18546
18551
18552
18570
18585
18590
18597
18606
18611
18643
18645
18647
18657
18670
18698
18718
18722
18724
18726
18747
18749
18774
18781
18785
18789
18795
18799
18824
18831
18832
18835
18840
18842
18848
18877
18879
18883
18886
18891
18893
18901
18916
18931
18933
18938
18943
18960
18963
18964
18968
18979
18981
18993
18995
19001
19008
19009
19016
19025
19056
19058
19076
19086
19089
19091
19094
19096
19105
19116
19127
19129
19156
19160
19161
19170
19173
19175
19184
19185
19204
19222
19225
19233
19240
19245
19247
19255
19266
19269
19270
19271
19284
19292
19307
19332
19334
19344
19348
19349
19358
19361
19386
19389
19409
19422
19427
19435
19442
19454
19456
19459
19468
19492
19506
19515
19516
19518
19524
19530
19532
19536
19545
19550
19552
19569
19572
19574
19578
19606
19615
19617
19626
19643
19644
19646
19663
19667
19678
19680
19697
19710
19713
19724
19728
19741
19742
19743
19745
19750
19753
19755
19757
19763
19777
19783
19787
19791
19806
19816
19842
19852
19870
19874
19879
19894
19911
19918
19928
19940
19946
19947
19977
19988
19994
20010
20018
20047
20056
20062
20064
20065
20066
20067
20073
20074
20083
20086
20088
20097
20100
20110
20117
20159
20174
20176
20188
20199
20203
20220
20223
20229
20236
20249
20262
20267
20278
20279
20281
20286
20287
20289
20290
20309
20326
20343
20354
20356
20359
20366
20377
20381
20399
20415
20429
20436
20438
20443
20458
20467
20477
20486
20492
20522
20527
20529
20530
20537
20555
20561
20571
20574
20584
20598
20602
20610
20633
20657
20682
20691
20692
20694
20707
20718
20724
20737
20747
20751
20772
20775
20776
20782
20788
20797
20812
20813
20816
20841
20847
20857
20863
20879
20881
20895
20910
20913
20931
20947
20952
20975
20979
20982
20984
20994
21014
21018
21020
21021
21022
21038
21039
21058
21068
21070
21071
21074
21083
21092
21093
21099
21101
21109
21112
21125
21131
21132
21137
21138
21141
21145
21174
21183
21184
21187
21193
21201
21218
21222
21229
21232
21240
21241
21258
21261
21274
21289
21293
21295
21311
21316
21332
21345
21347
21356
21361
21364
21367
21370
21374
21380
21381
21391
21400
21410
21436
21450
21451
21453
21456
21464
21465
21466
21468
21477
21480
21489
21498
21505
21516
21530
21543
21551
21552
21564
21567
21582
21596
21599
21604
21637
21640
21645
21670
21676
21677
21682
21683
21688
21689
21691
21697
21698
21705
21716
21717
21719
21763
21770
21780
21787
21795
21813
21850
21830
21836
21843
21857
21861
21882
21891
21904
21918
21924
21928
21939
21951
21958
21964
21967
21980
22008
22018
22032
22035
22038
22049
22064
22065
22089
22093
22100
22102
22106
22109
22112
22119
22131
22142
22147
22149
22158
22164
22191
22215
22228
22231
22235
22237
22243
22250
22259
22274
22295
22304
22305
22312
22315
22321
22329
22347
22354
22361
22375
22377
22390
22395
22406
22421
22425
22428
22429
22449
22451
22466
22477
22479
22484
22488
22495
22497
22504
22507
22513
22515
22519
22523
22526
22534
22535
22542
22552
22559
22571
22574
22579
22580
22582
22586
22590
22591
22596
22599
22604
22605
22620
22623
22628
22629
22631
22649
22656
22657
22665
22676
22690
22692
22696
22701
22706
22708
22713
22715
22721
22723
22727
22732
22735
22739
22745
22746
22750
22763
22764
22775
22783
22795
22811
22814
22815
22816
22834
22860
22871
22874
22904
22936
22960
22964
22967
22970
22972
22988
22997
23002
23005
23016
23017
23020
23026
23033
23044
23045
23046
23059
23062
23064
23065
23097
23099
23102
23103
23111
23117
23120
23121
23127
23151
23166
23185
23189
23194
23202
23217
23218
23220
23224
23239
23247
23252
23257
23259
23262
23266
23271
23274
23285
23299
23317
23329
23335
23347
23349
23353
23355
23370
23380
23384
23388
23395
23396
23398
23404
23409
23416
23427
23441
23447
23462
23467
23472
23479
23481
23489
23493
23499
23506
23524
23560
23562
23563
23564
23567
23576
23589
23602
23603
23610
23612
23622
23625
23650
23662
23668
23671
23674
23676
23686
23714
23728
23738
23745
23751
23757
23777
23784
23792
23793
23798
23801
23805
23806
23810
23814
23818
23819
23820
23827
23836
23837
23850
23865
23866
23877
23911
23932
23975
23991
24008
24012
24015
24023
24030
24049
24057
24067
24085
24100
24103
24111
24128
24151
24152
24155
24162
24164
24173
24178
24184
24192
24205
24206
24222
24233
24235
24252
24264
24289
24290
24295
24303
24306
24311
24343
24344
24364
24365
24384
24390
24391
24402
24414
24429
24432
24435
24438
24451
24458
24459
24477
24487
24489
24500
24505
24513
24521
24526
24542
24550
24568
24571
24596
24598
24600
24602
24603
24609
24614
24619
24620
24624
24634
24641
24644
24650
24677
24682
24700
24719
24722
24741
24743
24749
24750
24753
24754
24757
24768
24774
24778
24791
24797
24799
24823
24824
24838
24853
24856
24859
24862
24867
24868
24884
24890
24895
24908
24913
24953
24959
24970
25009
25012
25015
25043
25066
25090
25106
25111
25117
25118
25175
25177
25191
25200
25201
25203
25205
25210
25213
25214
25226
25227
25228
25245
25249
25252
25266
25270
25272
25274
25282
25287
25299
25300
25313
25317
25318
25325
25330
25335
25340
25346
25347
25395
25406
25410
25418
25426
25432
25433
25463
25466
25471
25477
25482
25493
25501
25503
25504
25523
25524
25533
25537
25549
25550
25581
25585
25586
25588
25594
25595
25612
25614
25619
25631
25638
25645
25655
25662
25664
25681
25687
25694
25703
25710
25720
25723
25731
25738
25742
25749
25751
25767
25781
25804
25806
25821
25825
25828
25829
25834
25836
25839
25842
25850
25858
25860
25870
25877
25881
25882
25886
25894
25900
25920
25929
25937
25948
25954
25956
25958
25961
25962
25969
25983
25985
25992
26006
26008
26019
26028
26043
26050
26064
26066
26085
26094
26099
26104
26105
26108
26124
26133
26137
26140
26147
26149
26157
26163
26173
26185
26196
26204
26209
26223
26234
26235
26243
26245
26249
26265
26272
26327
26329
26330
26331
26334
26340
26349
26368
26376
26387
26392
26401
26423
26432
26441
26448
26451
26477
26485
26512
26515
26526
26529
26545
26560
26571
26579
26597
26598
26600
26613
26619
26627
26638
26646
26649
26651
26657
26663
26672
26674
26676
26683
26708
26715
26721
26722
26724
26726
26733
26746
26747
26748
26751
26753
26756
26761
26782
26791
26837
26853
26880
26881
26884
26885
26902
26903
26907
26911
26922
26933
26938
26948
26961
26966
26980
26981
26989
26997
27000
27004
27016
27018
27028
27033
27047
27050
27052
27061
27079
27093
27105
27109
27113
27117
27123
27125
27127
27160
27161
27173
27174
27176
27179
27180
27187
27191
27198
27205
27208
27216
27226
27228
27230
27238
27240
27241
27246
27252
27253
27269
27270
27272
27273
27278
27279
27289
27297
27332
27334
27336
27344
27370
27415
27422
27424
27427
27432
27460
27474
27488
27494
27501
27502
27503
27517
27520
27523
27534
27542
27550
27555
27557
27575
27596
27597
27600
27614
27617
27632
27640
27642
27647
27652
27655
27679
27680
27682
27686
27693
27694
27720
27722
27733
27724
27739
27765
27767
27770
27772
27781
27790
27792
27793
27796
27797
27801
27803
27812
27813
27816
27817
27829
27839
27851
27872
27874
27884
27887
27893
27894
27905
27928
27931
27951
27960
27967
27978
27986
28000
28003
28008
28017
28028
28050
28053
28074
28092
28099
28101
28110
28112
28114
28120
28124
28135
28140
28146
28151
28152
28154
28160
28166
28167
28176
28177
28178
28190
28199
28201
28215
28219
28226
28231
28235
28248
28250
28252
28254
28255
28256
28260
28264
28265
28266
28268
28269
28286
28307
28314
28318
28321
28326
28328
28330
28331
28355
28357
28367
28368
28369
28374
28395
28427
28429
28433
28441
28448
28455
28458
28468
28472
28489
28493
28498
28501
28502
28529
28531
28536
28538
28543
28546
28554
28555
28561
28574
28575
28584
28590
28613
28624
28629
28631
28634
28636
28639
28640
28645
28655
28672
28673
28675
28679
28682
28689
28697
28705
28726
28752
28754
28763
28764
28765
28799
28802
28806
28812
28814
28818
28827
28847
28849
28860
28869
28870
28873
28880
28884
28894
28904
28906
28908
28910
28912
28923
28927
28929
28950
28953
28964
28982
28983
28990
29007
29020
29028
29052
29055
29059
29068
29075
29080
29084
29087
29088
29092
29097
29098
29099
29104
29106
29115
29118
29126
29134
29141
29157
29168
29169
29177
29184
29187
29189
29196
29207
29219
29235
29239
29241
29248
29263
29265
29274
29277
29281
29282
29289
29298
29303
29305
29306
29309
29321
29323
29333
29340
29341
29359
29374
29392
29394
29398
29400
29413
29417
29431
29432
29435
29437
29442
29451
29453
29462
29464
29473
29490
29502
29522
29543
29549
29561
29572
29575
29586
29620
29622
29623
29626
29630
29643
29655
29662
29663
29669
29670
29679
29681
29690
29700
29719
29725
29731
29740
29746
29752
29754
29767
29772
29773
29792
29795
29809
29810
29814
29816
29833
29850
29868
29877
29880
29886
29887
29896
29897
29901
29931
29933
29934
29956
29972
29974
29989
29990
29991
30000
30005
30009
30010
30034
30039
30046
30050
30053
30064
30067
30069
30098
30109
30114
30142
30147
30149
30171
30190
30198
30206
30211
30214
30216
30244
30252
30272
30275
30281
30288
30300
30304
30324
30331
30344
30358
30373
30375
30376
30381
30390
30391
30394
30395
30397
30398
30400
30401
30404
30415
30417
30426
30430
30431
30436
30449
30452
30461
30470
30477
30495
30501
30521
30531
30535
30550
30573
30574
30577
30580
30583
30584
30586
30590
30591
30603
30604
30608
30616
30633
30654
30656
30663
30671
30672
30676
30677
30682
30688
30692
30707
30711
30747
30772
30783
30785
30794
30798
30812
30824
30836
30837
30848
30852
30867
30879
30888
30897
30916
30925
30938
30948
30950
30955
30956
30966
30972
30982
30986
30999
31009
31013
31021
31022
31049
31053
31066
31067
31068
31074
31077
31079
31081
31082
31095
31105
31107
31108
31115
31118
31120
31123
31128
31154
31158
31160
31164
31166
31167
31173
31187
31198
31208
31209
31212
31221
31222
31240
31242
31258
31266
31272
31273
31285
31306
31320
31322
31324
31333
31334
31349
31355
31357
31359
31362
31370
31379
31383
31384
31398
31408
31413
31434
31435
31436
31443
31449
31450
31452
31454
31465
31469
31471
31481
31490
31516
31518
31523
31550
31551
31575
31579
31586
31590
31598
31614
31619
31633
31643
31645
31645
31658
31659
31663
31670
31671
31679
31680
31689
31700
31703
31709
31714
31725
31727
31729
31730
31752
31753
31762
31769
31775
31780
31784
31800
31802
31815
31829
31844
31859
31863
31873
31886
31895
31900
31920
31921
31933
31945
31946
31952
31961
31968
31975
32005
32025
32026
32027
32031
32041
32045
32058
32062
32069
32086
32090
32099
32102
32108
32111
32112
32116
32133
32135
32139
32154
32170
32171
32181
32184
32194
32228
32230
32238
32241
32250
32257
32275
32277
32279
32301
32316
32328
32363
32366
32373
32388
32392
32415
32438
32445
32456
32477
32484
32486
32488
32493
32498
32519
32537
32561
32565
32566
32574
32576
32585
32586
32596
32601
32605
32643
32645
32659
32671
32680
32685
32700
32701
32705
32713
32715
32722
32744
32765
32771
32794
32799
32812
32842
32849
32865
32866
32868
32881
32914
32943
32971
32972
32987
33033
33007
33014
33016
33034
33036
33038
33074
33075
33077
33086
33091
33113
33114
33145
33152
33153
33155
33165
33174
33202
33204
33210
33213
33218
33227
33247
33248
33318
33328
33330
33331
33337
33339
33342
33350
33351
33356
33360
33401
33406
33434
33435
33439
33440
33441
33465
33483
33495
33504
33514
33519
33532
33543
33554
33555
33558
33572
33581
33583
33590
33595
33598
33599
33604
33618
33635
33646
33651
33655
33672
33678
33681
33703
33708
33718
33721
33733
33735
33740
33750
33751
33760
33762
33784
33787
33793
33797
33800
33802
33827
33839
33846
33848
33867
33873
33875
33877
33879
33880
33885
33899
33902
33907
33911
33917
33920
33926
33928
33948
33987
33994
34012
34013
34020
34029
34031
34036
34041
34042
34051
34063
34068
34074
34098
34100
34104
34105
34108
34126
34128
34135
34144
34157
34163
34195
34196
34207
34217
34219
34222
34224
34225
34229
34233
34236
34247
34249
34253
34255
34258
34267
34271
34275
34275
34281
34283
34285
34288
34291
34292
34296
34299
34309
34310
34333
34336
34341
34364
34367
34369
34384
34388
34394
34399
34401
34423
34434
34436
34440
34449
34494
34503
34505
34513
34520
34523
34524
34540
34545
34548
34549
34550
34551
34556
34561
34564
34565
34568
34573
34578
34599
34603
34607
34610
34611
34613
34624
34625
34626
34630
34631
34633
34637
34642
34654
34655
34656
34663
34668
34672
34682
34683
34691
34700
34710
34717
34721
34724
34732
34740
34742
34743
34759
34762
34775
34780
34781
34788
34812
34820
34821
34825
34830
34839
34849
34861
34868
34892
34896
34903
34904
34906
34912
34920
34928
34934
34942
34949
34961
34967
34976
34985
34999