35075
35076
35134
35146
35200
35247
35268
35293
35295
35302
35308
35349
35367
35371
35415
35447
35450
35533
35535
35555
35583
35590
35640
35650
35659
35670
35718
35742
35747
35779
35801
35849
35856
35879
35913
35986
35987
35989
35997
36004
36007
36013
36025
36060
36066
36069
36072
36089
36098
36106
36133
36136
36147
36155
36164
36178
36184
36196
36197
36208
36212
36228
36230
36233
36236
36238
36254
36261
36263
36285
36288
36351
36371
36377
36384
36388
36413
36448
36468
36495
36503
36510
36560
36570
36579
36585
36591
36600
36605
36614
36626
36645
36662
36676
36685
36701
36710
36738
36762
36763
36782
36786
36788
36793
36806
36822
36826
36828
36831
36853
36862
36873
36879
36887
36890
36908
36939
36945
36947
36960
36964
36981
37009
37021
37041
37052
37056
37070
37084
37096
37112
37123
37127
37137
37171
37180
37203
37217
37229
37234
37286
37300
37301
37339
37354
37371
37373
37384
37395
37398
37401
37430
37460
37552
37573
37595
37598
37645
37660
37666
37679
37696
37697
37702
37708
37709
37723
37729
37731
37779
37794
37799
37815
37821
37874
37879
37881
37886
37887
37891
37910
37913
37914
37917
37924
37976
37990
37992
37998
38008
38013
38027
38034
38044
38063
38109
38110
38127
38155
38163
38179
38187
38218
38223
38244
38249
38270
38283
38307
38321
38322
38328
38349
38358
38399
38412
38423
38431
38466
38474
38476
38490
38511
38527
38544
38549
38566
38582
38606
38612
38615
38622
38625
38657
38671
38676
38694
38738
38763
38768
38784
38788
38790
38794
38802
38806
38850
38868
38886
38893
38904
38915
38917
38919
38932
38974
38984
38987
39000
39004
39012
39016
39026
39028
39030
39032
39034
39036
39037
39041
39042
39052
39056
39072
39086
39097
39108
39120
39146
39176
39184
39189
39191
39195
39206
39208
39218
39235
39244
39254
39257
39258
39273
39267
39281
39288
39291
39293
39295
39317
39328
39329
39334
39335
39336
39339
39342
39344
39349
39354
39358
39360
39374
39378
39389
39408
39413
39423
39429
39437
39450
39451
39475
39464
39467
39485
39487
39493
39496
39501
39510
39519
39520
39522
39535
39538
39539
39547
39552
39561
39567
39579
39581
39583
39587
39626
39621
39634
39643
39655
39654
39648
39658
39661
39665
39669
39674
39672
39678
39679
39685
39689
39698
39700
39715
39720
39726
39730
39733
39742
39743
39744
39757
39765
39768
39778
39781
39794
39796
39801
39813
39818
39820
39821
39827
39829
39830
39831
39833
39837
39844
39846
39849
39852
39853
39858
39870
39876
39890
39884
39883
39926
39928
39933
39934
39936
39956
39962
39971
39974
39982
39987
39995
40002
40005
40023
40037
40041
40043
40045
40062
40065
40071
40084
40086
40097
40108
40110
40112
40113
40119
40125
40126
40134
40136
40147
40153
40162
40168
40172
40190
40184
40185
40198
40197
40202
40203
40208
40412
40217
40222
40223
40225
40227
40229
40239
40243
40244
40245
40247
40254
40257
40275
40292
40293
40294
40296
40311
40323
40329
40333
40336
40337
40351
40355
40367
40377
40383
40387
40397
40404
40420
40447
40434
40452
40465
40473
40486
40487
40489
40491
40496
40498
40500
40507
40512
40513
40522
40546
40561
40563
40575
40576
40577
40588
40609
40614
40624
40637
40652
40669
40672
40694
40698
40699
40704
40730
40732
40738
40742
40753
40754
40766
40772
40777
40778
40785
40800
40802
40810
40818
40819
40824
40826
40830
40843
40846
40847
40873
40889
40897
40901
40899
40906
40909
40918
40921
40934
40940
40947
40948
40958
40960
40962
40971
40973
40980
40987
40988
40990
40991
40993
41003
41005
41007
41008
41010
41013
41024
41028
41030
41040
41043
41062
41068
41075
41078
41085
41097
41104
41109
41111
41115
41116
41119
41125
41130
41140
41143
41154
41156
41158
41160
41178
41185
41184
41186
41189
41195
41201
41203
41206
41215
41231
41241
41248
41251
41252
41257
41263
41274
41276
41279
41281
41292
41297
41356
41362
41365
41371
41380
41402
41408
41422
41428
41429
41432
41450
41460
41466
41468
41469
41477
41480
41490
41513
41428
41537
41551
41548
41561
41576
41578
41577
41595
41605
41609
41613
41622
41635
41649
41651
41654
41657
41664
41670
41691
41708
41714
41725
41738
41741
41742
41752
41764
41767
41786
41795
41803
41815
41818
41823
41841
41849
41857
41863
41879
41886
41905
41911
41931
41941
41948
41949
41954
41963
41965
41967
41998
41991
42009
42010
42025
42030
42041
42049
42062
42063
42067
42072
42071
42081
42083
42084
42110
42113
42124
42130
42136
42145
42149
42152
42164
42182
42186
42191
42212
42216
42219
42222
42243
42248
42251
42269
42275
42282
42298
42301
42328
42333
42365
42370
42384
42389
42408
42410
42416
42435
42443
42447
42450
42473
42483
42497
42514
42520
42523
42525
42537
42547
42546
42563
42579
42590
42600
42614
42617
42618
42623
42625
42626
42637
42647
42648
42651
42653
42654
42680
42694
42701
42734
42745
42746
42754
42757
42769
42803
42813
42825
42827
42862
42864
42865
42872
42880
42879
42887
42893
42902
42929
42944
42950
42952
42963
42977
42981
42984
42986
42990
42998
43002
43015
43019
43038
43039
43056
43062
43066
43065
43070
43085
43093
43094
43096
43113
43123
43135
43139
43141
43173
43181
43185
43192
43196
43207
43229
43246
43248
43272
43281
43287
43289
43293
43294
43314
43317
43348
43347
43362
43374
43381
43392
43408
43413
43422
43426
43429
43433
43436
43442
43449
43460
43470
43474
43475
43477
43487
43497
43503
43509
43510
43530
43531
43534
43539
43544
43546
43555
43556
43557
43568
43573
43576
43578
43583
43586
43598
43605
43612
43615
43657
43688
43692
43698
43699
43713
43716
43725
43726
43736
43745
43754
43742
43756
43758
43759
43781
43805
43806
43881
43908
43911
43917
43930
43946
43955
43971
43997
43991
43992
44012
44033
44048
44058
44062
44067
44103
44105
44123
44141
44154
44170
44174
44177
44181
44199
44202
44223
44246
44243
44270
44280
44282
44286
44303
44323
44322
44325
44328
44353
44361
44367
44398
44413
44437
44448
44450
44459
44466
44465
44474
44476
44481
44498
44499
44505
44511
44554
44557
44567
44579
44593
44600
44628
44646
44651
44667
44678
44690
44699
44700
44702
44712
44724
44740
44737
44746
44765
44768
44773
44781
44789
44792
44812
44813
44814
44820
44849
44858
44866
44906
44907
44922
44985
44997
44994
45006
45020
45035
45039
45044
45051
45053
45056
45068
45081
45091
45094
45103
45114
45136
45148
45152
45153
45190
45209
45221
45228
45242
45276
45281
45283
45301
45329
45331
45333
45339
45342
45344
45349
45350
45352
45355
45358
45359
45363
45369
45379
45387
45416
45420
45424
45434
45455
45485
45483
45493
45508
45515
45520
45535
45541
45547
45553
45565
45595
45599
45602
45627
45649
45653
45660
45669
45687
45689
45717
45721
45726
45730
45733
45760
45761
45770
45771
45774
45787
45793
45796
45820
45823
45825
45827
45830
45851
45853
45869
45875
45875
45879
45894
45895
45901
45928
45929
45948
45849
45969
45981
45982
45994
45998
46000
46003
46015
46023
46026
46036
46060
46076
46078
46093
46099
46108
46131
46141
46142
46148
46149
46163
46167
46170
46171
46172
46174
46184
46185
46191
46197
46210
46223
46239
46241
46253
46268
46272
46273
46277
46279
46290
46314
46330
46334
46337
46359
46362
46375
46394
46407
46409
46416
46414
46423
46443
46442
46444
46465
46468
46477
46482
46484
46493
46498
46514
46536
46537
46539
46547
46562
46576
46574
46585
46599
46609
46615
46644
46639
46642
46652
46668
46673
46682
46693
46709
46717
46718
46719
46731
46737
46739
46941
46749
46779
46788
46792
46794
46804
46811
46816
46822
46828
46836
46841
46844
46886
46892
46935
46936
46992
46996
47003
47016
47021
47027
47031
47040
47041
47060
47076
47080
47103
47118
47150
47173
47188
47209
47210
47214
47224
47234
47243
47250
47257
47264
47270
47322
47324
47327
47333
47341
47369
47395
47411
47419
47420
47433
47436
47440
47458
47478
47503
47519
47522
47523
47541
47551
47557
47569
47577
47586
47587
47593
47600
47627
47630
47634
47647
47659
47677
47690
47686
47718
47722
47736
47747
47749
47752
47793
47816
47819
47823
47825
47826
47834
47832
47838
47841
47845
47858
47854
47868
47884
47895
47900
47909
47913
47920
47927
47963
47993
47997
48005
48010
48013
48018
48021
48026
48037
48038
48042
48048
48090
48092
48095
48103
48106
48111
48133
48161
48162
48167
48184
48182
48187
48191
48205
48220
48231
48232
48238
48260
48266
48267
48268
48279
48277
48282
48290
48292
48298
48325
48332
48334
48339
48357
48362
48376
48383
48386
48404
48421
48456
48473
48477
47483
47529
47531
47558
47561
47581
48596
48610
48611
48603
48621
48623
48629
48645
48647
48648
48655
48659
48669
48670
48679
48695
48711
48725
48732
48735
48768
48769
48775
48787
48793
48802
48805
48814
48825
48828
48836
48856
48862
48874
48881
48901
48910
48919
48948
48961
48966
48967
48986
49002
49005
49012
49025
49065
49062
49074
49077
49080
49086
49089
49110
49118
49126
49140
49145
49155
49165
49172
49177
49182
49184
49194
49206
49266
49283
49306
49330
49331
49335
49339
49340
49344
49346
49362
49364
49367
49374
49385
49386
49387
49391
49395
49413
49418
49432
49448
49457
49459
49467
49486
49527
49533
49552
49555
49579
49581
49599
49496
49603
49618
49645
49698
49703
49704
49708
49710
49711
49716
49720
49728
49749
49752
49765
49785
49803
49826
49855
49869
49873
49872
49877
49880
49883
49893
49895
49897
49912
49940
49952
49958
49978
50000
50017
50021
50030
50031
50039
50045
50046
50051
50054
50056
50058
50069
50072
50075
50084
50099
50108
50110
50111
50112
50125
50153
50154
50172
50177
50187
50188
50193
50198
50261
50263
50272
50275
50287
50306
50308
50311
50351
50380
50392
50406
50408
50410
50415
50432
50434
50453
50458
50459
50467
50468
50482
50492
50500
50505
50506
50507
50520
50521
50539
50567
50572
50591
50592
50596
50606
50608
50622
50626
50642
50663
50664
50676
50694
50697
50703
50711
50717
50718
50724
50729
50739
50736
50747
50762
50830
50831
50834
50843
50856
50877
50878
50886
50898
50942
50943
50944
50990
50991
50997
51006
51009
51020
51033
51055
51062
51063
51084
51088
51091
51096
51099
51122
51151
51155
51164
51196
51215
51217
51219
51229
51236
51239
51248
51269
51270
51281
51292
51302
51320
51331
51333
51335
51337
51342
51344
51357
51364
51370
51390
51409
51427
51455
51475
51481
51486
51513
51529
51533
51536
51559
51571
51587
51595
51602
51605
51613
51615
51620
51638
51643
51644
51647
51666
51667
51671
51686
51687
51690
51708
51718
51729
51730
51731
51756
51758
51759
51761
51779
51781
51820
51822
51824
51842
51853
51860
51875
51886
51883
51905
51942
51952
51955
51961
51981
51982
51990
51996
52008
52015
52017
52018
52034
52057
52073
52088
52091
52097
52098
52099
52104
52101
52107
52164
52190
52199
52205
52232
52234
52244
52248
52257
52255
52276
52287
52304
52322
52329
52330
52342
52341
52346
52377
52382
52433
52444
52445
52452
52456
52470
52493
52504
52517
52523
52526
52529
52533
52535
52536
52548
52553
52556
52559
52560
52564
52573
52571
52589
52610
52638
52642
52655
52666
52680
52682
52691
52692
52719
52723
52728
52741
52748
52757
52763
52784
52806
52817
52824
52839
52842
52860
52877
52884
52895
52896
52908
52909
52918
52930
52934
52936
52941
52945
52960
53000
53004
53046
53047
53051
53054
53064
53069
53074
53084
50106
53108
50118
53135
53139
53140
53142
53148
53171
53196
53214
53223
53226
53230
53261
53305
53307
53328
53333
53345
53369
53389
53392
53397
53398
53405
53418
53432
53435
53440
53451
53483
53530
53534
53548
53561
53563
53567
53575
53581
53586
53598
53613
53625
53632
53645
53663
53665
53670
53676
53689
53695
53718
53726
53732
53741
53756
53786
53818
53825
53829
53834
53853
53858
53862
53878
53883
53884
53893
53897
53913
53920
53927
53928
53929
53938
53942
53952
53965
53969
53973
53982
53999
54024
54026
54029
54055
54056
54065
54073
54076
54081
54109
54135
54152
54149
54154
54160
54167
54169
54170
54181
54198
54196
54199
54202
54217
54219
54229
54243
54247
54281
54293
54300
54320
54330
54339
54354
54360
54367
54369
54374
54384
54385
54395
54398
54400
54410
54447
54460
54486
54487
54489
54490
54492
54494
54520
54547
54548
54554
54561
54569
54566
54583
54598
54617
54618
54624
54625
54642
54655
54653
54652
54674
54693
54700
54708
54724
54740
54734
54747
54750
54776
54783
54811
54838
54840
54850
54866
54872
54875
54878
54907
54928
54929
54938
54949
54950
54956
54992
55000
55005
55008
55025
55037
55043
55049
55051
55059
55079
55081
55083
55090
55107
55113
55117
55133
55150
55155
55161
55175
55177
55206
55207
55228
55234
55236
55251
55278
55286
55301
55312
55314
55326
55332
55355
55372
55379
55389
55394
55443
55454
55460
55465
55473
55474
55482
55574
55591
55604
55627
55631
55637
55646
55645
55655
55673
55676
55687
55691
55729
55730
55756
55781
55785
55787
55793
55801
55804
55853
55855
55859
55863
55886
55891
55904
55906
55913
55919
55934
55938
55939
55964
55968
55984
55985
55988
55992
56019
56032
56036
56037
56045
56071
56084
56085
56099
56101
56110
56115
56125
56127
56131
56141
56148
56164
56179
56181
56191
56203
56206
56212
56230
56233
56235
56236
56237
56250
56256
56271
56266
56283
56288
56293
56321
56322
56340
56346
56351
56355
56358
56368
56370
56378
56437
56441
56442
56445
56449
56457
56484
56506
56519
56531
56533
56541
56568
56572
56590
56590
56596
56601
56631
56660
56666
56704
56706
56712
56722
56723
56748
56755
56759
56762
56766
56777
56802
56813
56815
56845
56861
56874
56888
56895
56891
56897
56898
56906
56934
56954
56957
56966
56967
56974
56981
57010
57017
57024
57027
57059
57060
57084
57107
57106
57141
57145
57157
57188
57195
57201
57205
57216
57229
57232
57233
57238
57246
57270
57280
57286
57306
57310
57320
57321
57332
57338
57352
57361
57366
57368
57369
57372
57379
57380
57390
57393
57394
57396
57398
57414
57433
57438
57454
57491
57472
57491
57506
57504
57509
57515
57529
57568
57606
57614
57620
57626
57627
57629
57652
57656
57686
57715
57724
57725
57753
57769
57784
57787
57810
57815
57823
57825
57831
57839
54842
57845
57854
57874
57876
57884
57937
57925
57928
57965
57973
57975
57981
57994
58011
58036
58038
58040
58044
58046
58103
58108
58114
58159
58184
58185
58199
58203
58210
58216
58223
58230
58267
58274
58285
58290
58291
58292
58309
58347
58360
58396
58402
58414
58411
58422
58437
58471
58464
58473
58474
58480
58482
58492
58494
58513
58514
58547
58551
58548
58561
58566
58601
58611
58618
58628
58641
58642
58675
58673
58675
58678
58683
58693
58702
58717
58725
58730
58744
58762
58776
58786
58790
58805
58812
58815
58822
58824
58825
58835
58837
58851
58856
58867
58868
58869
58882
58887
58889
58899
58917
58920
58925
58934
58935
58941
58953
58962
58972
58977
59006
59008
59023
59034
59038
59046
59056
59062
59065
59072
59115
59120
59124
59141
59149
59151
59155
59180
59215
59220
59243
59270
59276
59282
59290
59302
59321
59328
59372
59374
59383
59399
59403
59412
59418
59433
59435
59436
59437
59450
59461
59475
59481
59482
59485
59494
59495
59499
59504
59506
59510
59517
59528
59562
59571
59572
59595
59598
59600
59604
59607
59613
59615
59624
59635
59638
59640
59655
59661
59671
59681
59693
59701
59745
59759
59775
59778
59795
59817
59821
59837
59838
59839
59847
59857
59869
59883
59889
59894
59898
59902
59915
59917
59919
59944
59945
59956
59975
59978
59988
60000
60016
60023
60027
60043
60083
60084
60089
60093
60104
60124
60130
60126
60133
60136
60142
60154
60156
60170
60174
60189
60193
60196
60198
60202
60206
60224
60226
60228
60228
60230
60231
60238
60254
60259
60267
60277
60282
60290
60296
60301
60311
60348
60358
60360
60384
60390
60395
60410
60426
60431
60450
60454
60463
60467
60474
60487
60488
60499
60503
60511
60531
60549
60558
60564
60598
60604
60621
60626
60636
60648
60660
60663
60668
60670
60671
60691
60698
60711
60712
60717
60732
60772
60775
60776
60780
60789
60791
60798
60801
60815
60832
60834
60838
60841
60854
60862
60866
60877
60880
60881
60888
60892
60897
60901
60907
60911
60935
60966
60979
60987
60989
60995
61044
61040
61047
61053
61058
61077
61089
61098
61169
61188
61190
61195
61200
61223
61235
61245
61243
61246
61248
61249
61255
61258
61261
61267
61298
61313
61319
61320
61327
61329
61345
61356
61376
61385
61398
61406
61434
61436
61455
61478
61511
61531
61551
61563
61569
61572
61592
61611
61612
61627
61629
61628
61631
61632
61640
61654
61655
61661
61675
61677
61678
61686
61701
61708
61740
61753
61756
61759
61766
61767
61771
61772
61770
61786
61798
61807
61817
61823
61833
61849
61861
61878
61907
61941
61995
62000
62004
62005
62009
62020
62021
62031
62045
62047
62055
62056
62060
62067
62080
62132
62144
62160
62169
62170
62171
62174
62185
62203
62207
62213
62234
62244
62258
62264
62284
62285
62295
62329
62371
62404
62418
62419
62421
62426
62432
62455
62474
62478
62497
62498
62507
62510
62522
62533
62540
62541
62547
62565
62579
62582
62593
62594
62596
62602
62603
62604
62605
62607
62617
62630
62650
62662
62675
62682
62708
62713
62738
62739
62758
62761
62775
62789
62791
62799
62812
62822
62824
62847
62857
62864
62868
62871
62901
62931
62936
62939
62943
62944
62950
62960
62967
62976
62978
63002
63029
63034
63041
63060
63066
63072
63080
63087
63091
63093
63121
63129
63134
63138
63144
63146
63148
63157
63174
63179
63180
63192
63196
63201
63216
63217
63232
63235
63243
63255
63266
63275
63274
63291
63334
63337
63346
63348
63354
63356
63358
63378
63381
63382
63383
63390
63393
63413
63416
63419
63477
63479
63486
63484
63502
63509
63516
63520
63522
63523
63537
63540
63544
63545
63551
63553
63556
63568
63571
63574
63579
63590
63608
63613
63631
63640
63643
63665
63682
63690
63708
63712
63722
63724
63732
63752
63757
63769
63778
63787
63794
63802
63807
63826
63843
63850
63853
63865
63880
63886
63884
63897
63915
63821
63939
63947
63949
63963
63983
64009
64025
64047
64052
64072
64074
64087
64090
64094
64100
64109
64115
64116
64123
64128
64142
64146
64152
64157
64168
61469
64171
64197
64206
64208
64220
64231
64237
64263
64264
64280
64297
64300
64306
64315
64316
64323
64337
64339
64343
64379
64380
64383
64388
64389
64394
64415
64420
64426
64437
64460
64470
64486
64503
64514
64516
64526
64535
64541
64551
64554
64558
64585
64590
64631
64645
64651
64682
64680
64682
64683
64710
64724
64725
64752
64755
64758
64771
64777
64789
64824
64825
64826
64830
64846
64856
64861
64867
64869
64877
64880
64885
64894
64899
64929
64935
64950
64960
64008
65011
65021
65032
65049
65053
65054
65055
65073
65094
65139
65140
65152
65164
65166
65185
65187
65189
65200
65212
65227
65246
65261
65269
65274
65314
65318
65319
65349
65352
65356
65362
65374
65392
65399
65405
65410
65422
65440
65472
65475
65494
65498
65503
65529
65546
65560
65573
65603
65604
65607
65609
65611
65614
65617
65635
65659
65660
65665
65670
65679
65692
65701
65758
65759
65767
65787
65846
65850
65882
65893
65921
65934
65941
65977
65979
65984
65993
65991
66003
66013
66018
66020
66024
66059
66066
66068
66071
66073
66087
66115
66125
66159
66160
66165
66213
66222
66233
66234
66235
66262
66265
66279
66280
66295
66310
66313
66324
66333
66335
66336
66391
66403
66409
66410
66425
66428
66436
66440
66443
66495
66496
66498
66536
66546
66559
66564
66565
66587
66605
66610
66613
66641
66657
66658
66731
66735
66737
66742
66778
66781
66786
66793
66803
66805
66808
66821
66831
66839
66841
66842
66847
66864
66867
66904
66916
66924
66927
66928
66937
66940
66952
66981
66980
67012
67021
67044
67054
67057
67059
67073
67079
67082
67084
67101
67105
67115
67128
67135
67137
67143
67152
67160
67179
67202
67228
67241
67246
67279
67280
67281
67289
67299
67303
67320
67328
67329
67330
67337
67345
67368
67380
67395
67408
67413
67419
67422
67437
67438
67445
67450
67456
67457
67458
67462
67475
67479
67504
67501
67506
67540
67551
67570
67572
67581
67585
67629
67636
67661
67665
67672
67676
67681
67685
67696
67710
67714
67735
67737
67749
67758
67766
67769
67775
67779
67846
67847
67848
67858
67866
67870
67872
67876
67916
67935
67939
67945
67947
67950
67952
67962
67965
68009
68023
68027
68039
68070
68078
68094
68099
68105
68129
68137
68158
68168
68176
68185
68192
68199
68208
68224
68225
68242
68271
68292
68307
68310
68319
68332
68339
68360
68386
68446
68449
68457
68462
68475
68477
68506
68515
68526
68534
68536
68547
68561
68566
68564
68586
68591
68613
68614
68672
68715
68735
68740
68741
68742
68744
68748
68789
68803
68827
68836
68837
68845
68850
68852
68858
68861
68871
68872
68890
68901
68942
68939
68944
68946
68955
68958
68969
68983
68985
69005
69018
69026
69036
69040
69060
69061
69085
69098
69110
69113
69119
69125
69127
69137
69172
69173
69185
69194
69200
69222
69237
69242
69246
69248
69270
69283
69293
69302
69309
69318
69327
69336
69351
69369
69390
69406
69418
69419
69453
69477
69488
69493
69526
69564
69573
69575
69583
69588
69593
69598
69622
69654
69702
69707
69717
69724
69727
69730
69740
69750
69753
69755
69761
69766
69777
69782
69786
69834
69842
69864
69892
69924
69941
69945
69948
69992
69995