35017
35056
35142
35195
35197
35217
35297
35386
35497
35506
35619
35643
35861
36273
36280
36354
36360
36434
36505
36672
36711
36722
36811
36820
36830
36895
37019
37025
37126
37275
37320
37392
37403
37433
37440
37478
37484
37573
37685
37777
37797
37835
37884
38023
38024
38057
38164
38219
38224
38229
38310
38379
38505
38529
38646
38940
38960
39094
39096
39132
39135
39228
39363
39616
39845
39893
39960
40009
40053
40074
40179
40204
40226
40248
40310
40340
40343
40360
40411
40463
40471
40525
40529
40585
40641
40643
40670
40684
40787
40925
41088
41097
41111
41137
41145
41146
41150
41253
41259
41417
41487
41500
41522
41556
41565
41568
41590
41611
41619
41625
41633
41637
41659
41814
41860
41889
41922
41956
42065
42117
42134
42135
42138
42146
42242
42417
42493
42518
42620
42674
42687
42696
42780
42799
42848
42855
42877
42922
42925
42992
42994
43036
43135
43182
43221
43305
43334
43341
43366
43371
43397
43410
43423
43434
43454
43465
43467
43486
43493
43501
43581
43593
43613
43636
43667
43678
43690
43816
43842
43847
43866
43902
44010
44012
44014
44080
44082
44128
44194
44298
44335
44338
44425
44452
44467
44572
44574
44703
44708
44740
44879
44910
44937
44973
45113
45180
45262
45288
45329
45398
45429
45432
45449
45467
45480
45522
45532
45534
45559
45562
45574
45598
45609
45628
45657
45673
45697
45733
45746
45755
45829
45835
45846
46056
46059
46067
46138
46223
46237
46486
46515
46516
46529
46530
46597
46630
46732
46735
46799
46935
46937
46975
46987
47027
47039
47041
47043
47063
47089
47096
47100
47108
47136
47158
47183
47187
47199
47216
47220
47226
47248
47291
47385
47463
47506
47513
47531
47536
47634
47643
47672
47699
47717
47730
47733
47745
47762
47798
47833
47861
47930
47989
48006
48031
48045
48046
48063
48091
48112
48128
48193
48244
48265
48270
48291
48321
48377
48405
48410
48449
48515
48542
48579
48668
48728
48731
48825
48872
48876
48901
48936
48948
48952
48953
48961
48979
48981
49002
49059
49072
49183
49207
49209
49213
49225
49262
49301
49348
49379
49408
49437
49451
49455
49470
49486
49495
49527
49632
49655
49666
49725
49852
49859
49871
49892
49897
49950
49973
49993
50032
50043
50086
50089
50092
50152
50167
50172
50176
50186
50192
50210
50224
50228
50237
50247
50252
50273
50292
50319
50331
50347
50478
50484
50523
50547
50552
50558
50564
50570
50628
50654
50686
50705
50715
50726
50793
50812
50829
50832
50879
50899
50905
50932
50955
50991
51012
51030
51057
51073
51089
51120
51121
51178
51180
51200
51212
51257
51279
51333
51361
51385
51399
51406
51421
51424
51432
51437
51443
51446
51451
51458
51459
51469
51471
51476
51493
51535
51547
51552
51572
51640
51660
51691
51760
51777
51778
51791
51798
51836
51839
51868
51890
51902
51938
51969
51973
51984
51994
52000
52017
52022
52038
52056
52062
52116
52155
52178
52181
52195
52248
52256
52266
52273
52280
52292
52315
52349
52354
52365
52382
52405
52421
52491
52501
52502
52516
52585
52589
52608
52622
52651
52656
52675
52710
52711
52731
52741
52769
52772
52789
52837
52846
52853
52855
52868
52881
52883
52919
52924
52930
52952
52954
52973
53005
53016
53028
53044
53060
53066
53082
53087
53115
53124
53135
53141
53144
53163
53172
53195
53230
53244
53247
53250
53260
53277
53373
53411
53439
53497
53522
53541
53544
53566
53695
53759
53765
53766
53788
53798
53807
53822
53866
53894
53926
53966
54016
54045
54067
54071
54088
54126
54130
54134
54139
54152
54155
54172
54193
54195
54212
54226
54241
54262
54268
54293
54302
54309
54345
54356
54366
54375
54378
54392
54406
54408
54438
54497
54543
54562
54607
54609
54651
54658
54678
54694
54708
54748
54766
54849
54870
54899
54901
54909
54925
54931
54937
54956
54972
54982
55004
55026
55087
55132
55139
55208
55240
55248
55260
55276
55289
55300
55306
55336
55345
55355
55373
55411
55441
55451
55467
55476
55568
55582
55614
55630
55659
55661
55685
55700
55701
55708
55713
55733
55739
55764
55783
55784
55789
55812
55868
55886
55921
55934
55950
55984
55988
55998
56000
56016
56063
56068
56073
56084
56088
56113
56146
56150
56167
56199
56222
56258
56280
56303
56331
56367
56380
56393
56408
54616
56436
56441
56503
56559
56592
56606
56637
56732
56733
56743
56745
56766
56796
56798
56812
56824
56836
56920
56952
56963
56967
56986
57007
57019
57020
57045
57047
57092
57095
57096
57112
57127
57136
57138
57148
57171
57178
57194
57220
57222
57227
57235
57244
57269
57271
57282
57302
57306
57313
57339
57354
57362
57368
57369
57374
57379
57387
57388
57395
57401
57403
57406
57409
57414
57425
57441
57450
57454
57477
57514
57526
57554
57565
57568
57570
57601
57620
57637
57677
57711
57712
57724
57736
57740
57753
57799
57802
57810
57851
57866
57869
57875
57880
57896
57900
57901
57920
57933
57948
57976
58022
58135
58155
58191
58192
58193
58195
58218
58252
58267
58331
58391
58401
58416
58426
58457
58462
58478
58519
58523
58542
58544
58626
58644
58653
58660
58735
58750
58796
58798
58812
58894
58919
58944
59906
59022
59034
59048
59057
59066
59105
59139
59206
59329
59364
59368
59384
59386
59400
59405
59416
59439
59453
59476
59485
59501
59503
59531
59535
59559
59560
59608
59635
59687
59746
59749
59762
59766
59785
59791
59797
59809
59827
59851
59866
59891
59911
59913
59936
59974
59984
60001
60003
60013
60024
60038
60056
60065
60069
60085
60104
60153
60157
60161
60162
60164
60174
60189
60198
60200
60202
60204
60245
60258
60283
60289
60330
60337
60357
60414
60419
60422
60427
60447
60456
60458
60474
60475
60496
60522
60540
60551
60562
60564
60567
60581
60602
60661
60717
60787
60805
60841
60857
60865
60924
60949
60951
60968
60981
60987
60997
61010
61015
61057
61066
61122
61131
61145
61190
61206
61221
61231
61262
61269
61284
61303
61307
61308
31310
61311
61340
61353
61360
61363
61371
61377
61394
61418
61419
61432
61441
61444
61461
61466
61471
61504
61531
61547
61570
61606
61609
61613
61625
61657
61729
61744
61753
61762
61784
61815
61822
61828
61831
61896
61969
61982
61995
62012
62020
62029
62039
62043
62066
62068
62089
62096
62128
62145
62163
62177
62186
62199
62217
62218
62256
62260
62273
62278
62289
62312
62332
62347
62353
62375
62421
62423
62425
62436
62469
62494
62509
62533
62545
62559
62560
62568
62577
62605
62612
62631
62678
62747
62782
62812
62846
62877
62939
62967
62996
63002
63007
63027
63040
63045
63049
63061
63070
63079
63089
63118
63129
63135
63151
63154
63193
63295
63317
63347
63355
63377
63385
63394
63346
63453
63460
63462
63468
63500
63515
63522
63523
63537
63539
63562
63564
63570
63574
63577
63606
63617
63631
63697
63735
63736
63778
63788
63801
63810
63821
63833
63838
63843
63861
63867
63886
63921
63925
63934
63942
63947
63961
63966
63983
63997
64002
64005
64008
64022
64026
64037
64053
64061
64064
64066
64081
64086
64092
64106
64121
64135
64142
64155
64204
64231
64233
64247
64249
64263
64269
64270
64294
64315
64330
64341
64351
64357
64425
64454
64455
64491
64505
64509
64516
64519
64530
64538
64542
64561
64563
64575
64578
64588
64663
64677
64680
64702
64740
64744
64748
64763
64783
64807
64822
64826
64868
64877
64908
64918
64931
64935
64999
65014
65017
65021
65031
65151
65152
65182
65227
65230
65306
65310
65318
65319
65348
65352
65357
65373
65380
65387
65392
65405
65425
65428
65486
65492
65510
65522
65535
65543
65567
65576
65611
65673
65692
65701
65716
65739
65787
65788
65795
65815
65845
65851
65925
65936
65942
65950
65951
65955
65964
65976
65981
65984
66003
66016
66021
66071
66073
66125
66127
66130
66137
66139
66159
66167
66203
66204
66254
66259
66265
66285
66289
66295
66306
66312
66314
66318
66324
66339
66370
66376
66378
66382
66403
66428
66432
66439
66450
66475
66476
66505
66510
66511
66518
66526
66559
66580
66584
66605
66638
66659
66679
66680
66681
66717
66735
66742
66769
66786
66835
66837
66884
66908
66957
66968
67003
67007
67010
67012
67016
67019
67031
67037
67043
67048
67053
67059
67060
67084
67091
67101
67114
67135
67137
67141
67158
67160
67168
67178
67210
67223
67228
67235
67236
67244
67248
67253
67286
67289
67305
67319
67338
67410
67415
67417
67440
67455
67460
67461
67474
67476
67480
67506
67522
67523
67527
67541
67545
67551
67552
67558
67567
67572
67576
67579
67585
67592
67595
67597
67619
67626
67629
67646
67670
67681
67685
67696
67710
67749
67750
67764
67768
67778
67792
67801
67816
67819
67820
67848
67858
67865
67868
67870
67871
67872
67884
67899
67908
67922
67931
67961
67966
67995
68004
68016
68025
68047
68053
68063
68084
68091
68094
68104
68105
68107
68112
68129
68137
68153
68158
68160
68194
68224
68251
68271
68280
68308
68310
68319
68324
68332
68363
68371
68380
68391
68406
68407
68408
68422
68446
68475
68477
68487
68489
68502
68508
68515
68534
68536
68541
68547
68553
68554
68563
68566
68598
68605
68611
68613
68622
68626
68649
68656
68675
68678
68713
68733
68735
68736
68740
68741
68746
68748
68749
68771
68789
68792
68808
68827
68828
68836
68837
68845
68850
68852
68858
68861
68871
68901
68907
68924
68939
68945
68955
68958
68960
68967
68983
69010
69018
69024
69043
69053
69085
69098
69119
69143
69168
69173
69174
69185
69194
69221
68252
69281
69291
69303
69320
69322
69325
69327
69351
69359
69383
69412
69415
69431
69457
69477
69488
69516
69533
69534
69547
69555
69579
69581
69586
69612
69622
69630
69631
69640
69664
69675
69688
69697
69699
69702
69707
69717
69727
69753
69761
69777
69809
69811
69812
69820
69827
69834
69836
69839
69846
69856
69869
69886
69892
69922
69924
69941
69943
69957
69960
69962
69970
69972
69992
699959ikm 