00979
00923
00893
00900
00885
00859
00839
00840
00837
00832
00831
00820
00787
00749
00683
00565
00535
00487
00412
00377
00379
00370
00362
00358
00305
00273
00195
00162
00169
00107
00092
00025
01994
01961
01939
01941
01905
01814
01792
01778
01755
01738
01735
01714
01700
01605
01602
01564
01491
01480
01458
01432
01268
01202
01189
01137
01129
01132
01077
02956
02922
02905
02860
02759
02708
02663
02630
02562
02544
02538
02516
02488
02468
02428
02414
02416
02931
02956
02839
02823
02802
02759
02747
02718
02710
02708
02662
02663
02630
02562
02544
02538
02516
02488
02468
02331
02262
02210
02118
02090
03939
03921
03895
03867
03862
03871
03843
03806
03787
03786
03769
03689
03578
03546
03547
03414
03328
03267
03142
03127
03107
03041
03005
03004
04991
04996
04925
04916
04899
04854
04841
04809
04796
04664
04656
04658
04641
04634
04611
04591
04535
04507
04440
04430
04359
04316
04309
04313
04291
04151
04138
04105
04093
04022
04012
06961
06932
06900
06884
06792
06794
06713
06629
06620
06521
06405
06363
06366
06312
06308
06289
06251
06228
06221
06205
06156
06159
06119
06116
06106
06054
06047
06043
06016
07991
07979
07970
07945
07883
07863
07859
07856
07823
07684
07661
07640
07607
07573
07492
07474
07442
07343
07179
07133
07104
07091
07052
08990
08967
08952
08954
08943
08936
08922
08832
08813
08781
08749
08711
08697
08694
08681
08685
08676
08636
08608
08591
08576
08539
08532
08501
08484
08466
08401
08353
08341
08259
08250
08218
08170
08018
08009
08005
09993
09952
09872
09780
09761
09710
09677
09659
09629
09549
09556
09510
09514
09507
09503
09444
09446
09413
09407
09388
09366
09370
09326
09320
09323
09316
09291
09282
09264
09259
09219
09153
09134
09113
09051
09036
09009
09002
10933
10890
10877
10741
10642
10613
10600
10586
10589
10474
10446
10435
10423
10429
10396
10363
10337
10340
10316
10300
10281
10246
10241
10232
10129
10048
10029
11999
11978
11647
11642
11591
11573
11553
11550
11523
11511
11472
11449
11423
11355
11349
11326
11323
11313
11222
11198
11182
11173
11167
11131
11113
11111
11098
11074
11054
11040
11045
12990
10962
10864
12815
12795
12798
12763
12678
12655
12652
12642
12643
12600
12491
12414
12377
12362
12350
12337
12328
12315
12298
12287
12285
12271
12253
12236
12219
12212
12216
12196
12181
12166
12146
12087
12079
12063
12053
12043
12014
12006
13960
13934
13905
13902
13870
13851
13817
13764
13710
13628
13603
13588
13589
13582
13519
13479
13410
13396
13364
13352
13337
13330
13319
13152
13179
13130
13119
13101
13075
13065
13045
14998
14979
14965
14961
14952
14940
14921
14906
14884
14851
14835
14804
14769
14751
14752
14732
14704
14682
14668
14670
14610
14594
14572
14549
14512
14495
14466
14433
14419
14412
14376
14334
14318
14297
14254
14241
14222
14172
14120
14117
14095
14068
14058
14049
15979
15965
15950
15926
15922
15900
15898
15874
15830
15796
15759
15718
15678
15638
15639
15628
15613
15602
15583
15552
15532
15423
15406
15380
15349
15343
15327
15309
15299
15266
15256
15220
15199
15008
15003
15002
16952
16885
16847
16797
16724
16604
16379
16363
16313
16296
16273
16216
16199
16162
16154
16076
16047
17993
17968
17949
17920
17780
17773
17769
17766
17747
17725
17722
17694
17671
17646
17633
17598
17551
17536
17467
17429
17407
17382
17374
17338
17260
17214
17207
17191
17179
17172
17166
17112
17085
17072
17067
17057
17052
18970
18960
18927
18889
18880
18863
18823
18793
18772
18762
18709
18686
18677
18622
18603
18600
18553
18542
18497
18474
18446
18442
18348
18345
18323
18325
18321
18304
18266
18220
18210
18164
18137
18142
18126
18090
18033
19983
19934
19924
19922
19910
19855
19852
19837
19840
19829
19778
19699
19684
19666
19606
19499
19471
19462
19465
19377
19363
19343
19159
19141
19140
19131
19113
19082
19087
19076
19060
19049
19050
19051
19044
19046
19047
19036
19011
20993
20986
20960
20939
20924
20912
20885
20843
20832
20783
20793
20553
20484
20447
20401
20364
20288
20261
20234
20219
20209
20169
20146
20148
20136
20102
20068
20054
21934
21926
21922
21841
21808
21788
21772
21758
21735
21720
21699
21678
21657
21628
21545
21476
21460
21458
21460
21422
21377
21376
21285
21308
21231
21205
21203
21148
21110
21104
21070
21042
21037
21033
22990
22989
22889
22890
22849
22807
22748
22626
22622
22467
22462
22436
22417
22359
22282
22219
22190
22135
22120
22073
23961
23940
23930
23924
23907
23849
23832
23763
23767
23746
23733
23700
23689
23648
23628
23570
23573
23557
23511
23502
23500
23490
23433
23366
23325
23291
23187
23182
23156
23145
23063
23003
24978
24893
24872
24849
24812
24780
24704
24707
24698
24690
24665
24615
24605
24588
24583
24570
24501
24502
24405
24348
24330
24334
24255
24223
24209
24213
24109
25980
25876
25865
25848
25829
25813
25743
25740
25701
25652
25632
25599
25564
25547
25525
25490
25474
25448
25453
25444
25397
25390
25370
25206
25195
25180
25140
25106
25084
25053
25048
25058
25046
25016
26992
26983
26973
26976
26952
26937
26935
26908
26891
26872
26790
26737
26731
26690
26649
26610
26582
26567
26555
26531
26450
26413
26391
26393
26394
26319
26267
26242
26202
26168
26156
26109
26087
26088
26059
26049
26015
26009
26002
26014
27994
27979
27947
27948
27944
27938
27925
27895
27989
27892
27866
27859
27849
27778
27773
27753
27755
27738
27674
27665
27609
27582
27573
27543
27554
27467
27456
27434
27362
27322
27323
27310
27303
27292
27261
27224
27195
27175
27178
27139
27134
27123
27097
27071
27026
27014
28994
28961
28926
28896
28851
28838
28805
28761
28712
28633
28614
28597
28580
28570
28539
28525
28503
28477
28474
28446
28439
28430
28417
28398
28382
28309
28257
28182
28174
28150
28132
28093
28083
28071
28058
28047
28042
28049
28034
28019
29973
29962
29840
29818
29801
29811
29789
29771
29696
29644
29617
29615
29588
29591
29542
29532
29524
29510
29403
29396
29273
29257
29238
29229
29170
29148
29045
29003
30994
30977
30975
30951
30944
30931
30914
30903
30866
30823
30833
30825
30814
30758
30718
30653
30639
30633
30614
30596
30640
30595
30596
30045
30071
30077
30078
30119
30131
30157
30155
30318
30338
30369
30432
30499
30547
31016
31019
31041
31039
31064
31092
31102
31111
31129
31157
31172
31188
31181
31210
31219
31363
31364
31416
31423
31457
31546
31582
31659
31661
31699
31789
31787
31806
31845
31954
31971
31987
32012
32021
32044
32068
32084
32119
32128
32132
32164
32200
32252
32259
32261
32302
32297
32310
32345
32472
32500
32530
32549
32558
32553
32577
32594
32624
32625
32665
32672
32716
32723
32776
32821
32839
32877
32884
32910
32938
32957
32976
32966
33011
33022
33028
33044
33117
33159
33185
33211
33231
33341
33343
33377
33405
33533
33537
33552
33649
33704
33725
33754
33758
33792
33861
33888
33890
33898
33904
33956
33958
33974
34006
34040
34053
34078
34103
34198
34199
34263
34262
34282
34350
34375
34478
34673
34685
34705
34741
34745
34778
34791
34799
34823
34831
34864
34952
34978
35039
35094
35115
35149
35171
35201
35217
35228
35242
35248
35274
35314
35317
35330
35399
35419
35434
35460
35457
35482
35495
35530
35562
35561
35580
35591
35584
35624
35627
35738
35794
35838
35828
35884
35896
35915
35938
36027
36037
36081
36090
36096
36124
36137
36142
36153
36174
36245
36270
36352
36360
36379
36385
36397
36402
36429
36436
36463
36458
36509
36519
36525
26543
26565
26604
36611
36663
36683
36684
36712
36729
36755
36846
36880
36922
36932
36941
36946
37056
37150
37196
37195
37198
37207
37245
37248
37253
37289
37284
37309
37316
37334
37336
37421
37407
37474
37490
37520
37556
37590
37607
37618
37626
37640
37651
37698
37708
37717
37713
37769
37774
37804
37810
37802
37826
37895
37931
37949
38039
38048
38139
38170
38196
38210
38237
38257
38332
38346
38448
38449
38585
38591
38698
38720
38732
38739
38858
38876
38881
38908
38930
38952
38991
38992
39006
39043
39091
39115
39112
39123
39150
39186
39190
39209
39250
39284
39286
39310
39321
39340
39348
39385
39426
39481
39484
39566
39717
39783
39851
39863
39919
39940
39936
39967
40003
40006
40013
40047
40051
40059
40068
40085
40114
40234
40240
40320
40331
40407
40430
40471
40495
40641
40661
40688
40685
40717
40710
40739
40833
40862
40850
40869
40865
40885
40887
40909
40925
40999
41018
41021
41036
41050
41054
41055
41071
41129
41134
41176
41188
41193
41211
41229
41254
41262
41300
41368
41431
41449
41467
41486
41533
41530
41571
41592
41610
41626
41678
41701
41694
41719
41724
41737
41807
41813
41839
41843
41888
41899
41970
41976
41973
41983
42019
42007
42003
42058
42091
42147
42156
42242
42315
42318
42351
42379
42393
42431
42459
42482
42492
42516
42536
42644
42646
42654
42660
42669
42716
42718
42738
42756
42783
42806
42822
42937
42931
42979
42981
42979
43969
43948
43960
43951
43094
43910
43864
43782
43704
43706
43685
43661
43660
43640
43551
43520
43396
43398
43361
43344
43342
43333
43301
43214
43180
43160
43144
43098
43050
43022
43006
44981
44995
44957
44865
44857
44828
44741
44720
44716
44684
44636
44622
44615
44606
44566
44555
44528
44478
44455
44414
44392
44382
44371
44360
44333
44329
44259
44251
44240
44228
44208
44196
44153
44139
44129
44109
44095
44089
44063
44060
44013
44002
45985
45939
45910
45852
45810
45801
45765
45759
45757
45751
45739
45738
45704
45640
45626
45622
45620
45601
45582
45589
45403
45366
45319
45272
45216
45180
45165
45167
45154
45048
45021
45014
46993
46965
46959
46920
46922
49916
46902
46869
46871
46854
46852
46847
46831
46801
46797
46774
46765
46720
46715
46706
46676
46650
46634
46578
46590
46549
46491
46429
46406
46399
46373
46332
46324
46276
46257
46090
46080
47932
47892
47862
47853
47813
47769
47737
47710
47679
47657
47633
47624
47612
47553
47552
47544
47466
47450
47424
47347
47329
47325
47289
47251
47203
47156
47154
47142
47136
47122
47074
47011
47004
48960
48938
48939
48922
48902
48892
48854
48850
48819
48808
48785
48782
48770
48750
48601
48579
48539
48534
48535
48455
48420
48393
48378
48345
48347
48294
24269
48209
48183
48023
48039
48051
49997
49968
49975
49974
49978
49947
49933
49804
49772
49773
49764
49754
49745
49734
49721
49701
49687
49683
49659
49653
49620
49609
49565
49490
49441
49426
49412
49401
49360
49317
49272
49242
49200
49179
49150
49121
49040
49032
49006
50977
50957
50934
50889
50865
50859
50803
50797
50769
50675
50654
50625
50613
50582
50541
50531
50493
50479
50447
50414
50366
50356
50350
50336
50301
50274
50277
50256
50249
50242
50231
50234
50217
50196
50194
50130
50131
50116
50102
50027
51986
51968
51939
51940
51863
51869
51849
51804
51721
51692
51654
51622
51594
51586
51450
51439
51358
51347
51323
51287
51274
51225
51208
51104
51095
51101
51100
51072
51064
51042
51028
52979
52939
52857
52849
52810
52799
52788
52782
52773
52754
52737
52724
52690
52683
52596
52583
52483
52463
52432
52408
52400
52393
52390
52305
52296
52285
52281
52218
52172
52146
52152
52142
52150
52132
52129
53964
53955
53944
53902
53877
53868
53827
53764
53712
53715
53691
53672
53641
53629
53617
53542
53525
53529
53465
53447
53372
53296
53289
53279
53229
53211
53151
53109
53102
53049
54980
54957
54945
54915
54897
54816
54796
54762
54754
54731
54732
54714
54695
54668
54646
54621
54572
54553
54552
54514
54470
54440
54419
54380
54357
54325
54324
54264
54260
54252
54249
54190
54174
54000
55857
55847
55823
55792
55780
55782
55774
55732
55660
55634
55642
55588
55519
55419
55401
55452
55318
55313
55299
55296
55283
55009
55018
55096
55104
55121
55142
55184
55173
55183
56970
56968
56961
56923
56912
56913
56910
56880
56877
56826
56827
56817
56794
56763
56768
56735
56734
56730
56711
56687
56675
56652
56570
56560
56511
56485
56440
56438
56415
56353
56335
56322
56303
56103
56082
56028
56018
56013
57989
57935
57939
57922
57880
57776
57747
57736
57661
57660
57664
57654
57648
57576
57542
57441
57415
57340
57317
57327
57308
57293
57286
57299
57263
57225
57226
57192
57174
57111
57087
57091
57081
58993
58964
58959
58897
58889
58873
58876
58864
58818
58816
58811
58801
58791
58770
58741
58728
58726
58719
58705
58703
58583
58553
58536
58516
58503
58504
58486
58476
58457
58455
58451
58445
58436
58429
58428
58417
58381
58351
58328
58324
58311
58303
58295
58176
58134
58131
58088
58048
58043
59929
59884
59872
59844
59820
59780
59785
59748
59742
59721
59866
59663
59666
59660
59631
59570
59561
59565
59497
59471
59469
59432
59440
59425
59407
59371
59325
59284
59273
59245
59185
59037
60974
60982
60953
60853
60762
60754
60669
60611
60576
60560
60501
60480
60459
60448
60400
60340
60061
60073
60105
60112
60146
60168
60253
60252
60304
60299
61015
61100
61094
61111
61133
61208
61207
61234
61370
61407
61437
61624
61643
61644
61691
61716
61777
61805
61806
61824
61846
61869
61946
61993
62001
62008
62048
62135
62146
62156
62158
62172
62178
62191
62189
62249
62287
62292
62291
62315
62319
62328
62385
62386
62424
62471
62470
62487
62527
62534
62553
62590
62622
62614
62627
62651
62737
62756
62772
62780
62781
62821
62873
62908
62920
62928
62927
62955
62974
62987
62999
63023
63057
63082
63149
63158
63203
63230
63251
63260
63300
63323
63336
63343
63340
63400
63423
63409
63441
63472
63480
63533
63547
63569
63618
63614
63625
63646
63652
63664
63683
63729
63733
63740
63753
63780
63820
63869
63887
63916
63928
63956
63973
63971
63984
63995
63999
64024
64042
64079
64092
64110
64140
64134
64159
64179
64186
64201
64240
64251
64276
64293
64338
64336
64361
64385
64417
64439
64436
64461
64476
64477
64488
64536
64562
64569
64586
64605
64659
64720
64764
64776
64795
64804
64851
64866
64966
64974
64990
65015
65033
65051
65093
65110
65141
65160
65171
65167
65203
65251
65271
65308
65365
65449
65465
65479
65491
65547
65601
65694
65721
65734
65742
65764
65793
65807
65821
65849
65904
65970
66079
66085
66089
66146
66156
66155
66178
66193
66194
66207
66221
66216
66230
66301
66303
66364
66437
66456
66477
66582
66602
66645
66704
66727
66800
66860
66865
66878
66910
66917
66921
66962
66969
66975
66990
67001
67040
67151
67188
67222
67219
67277
67290
67293
67313
67325
67349
67350
67361
67383
67402
67396
67405
67421
67449
67460
67502
67520
67559
67563
67599
67623
67711
67759
67772
67784
67836
67863
67927
67934
68024
68112
68131
68127
68145
68178
68297
68300
68326
68321
68329
68341
68361
68378
68415
68463
68464
68480
68538
68571
68577
68574
68645
68652
68760
68763
68814
68831
68838
68880
69013
69032
69035
69052
69094
69111
69122
69128
69135
69155
69205
69244
69262
69277
69296
69319
69326
69335
69392
69397
69402
69479
69473
69530
69539
69559
69569
69596
69627
69739
69757
69838
69858
69865
69916
69939
69942